111
-159600004 2 37
-986763247 3 25
-992000100 4 18
-994464169 5 10
-995620839 7 6
-995042504 0 0
-999751179 9 8
-997686009 0 0
-999875590 0 0
-992109917 11 14
-993004292 12 13
-993734230 0 0
-992557104 0 0
-992095135 16 15
-992047617 0 0
-992105038 17 0
-992107477 0 0
-991385811 21 19
-988979138 0 20
-987871192 0 0
-991538298 22 23
-991696468 24 0
-991462054 0 0
-991848284 0 0
-655428194 33 26
-195219603 27 31
-460319230 30 28
-298312034 29 0
-379315632 0 0
-557873712 0 0
-178547134 32 0
-186883368 0 0
-912980387 35 34
-784204290 0 0
-936601577 0 36
-924790982 0 0
597261226 38 76
466090289 63 39
531685871 41 40
558248463 42 43
507803755 45 44
540711736 50 49
558877935 51 54
529083631 57 56
490078128 47 46
498940941 0 0
482461276 0 48
486269702 0 0
548503547 59 58
534188830 60 0
558562928 53 52
558720431 0 0
558405695 0 0
595414244 55 0
577146089 0 0
530384751 0 0
513847624 62 61
553376005 0 0
544607641 0 0
532937350 0 0
521465627 0 0
510825689 0 0
223654349 69 64
415124955 66 65
440607622 0 0
359898007 67 68
291776178 0 0
387511481 0 0
-51077864 70 73
-110839576 72 71
-80958720 0 0
-135219790 0 0
6872737 75 74
115263543 0 0
-22102563 0 0
709500355 77 78
619520668 100 108
819149374 79 88
776110107 80 81
723475067 84 82
784595864 0 87
775741438 83 0
749608252 0 0
715086800 85 86
712293577 0 0
719280933 0 0
801872619 0 0
830412582 90 89
910642272 92 91
825048062 94 96
993518138 99 97
851384142 93 0
840898362 0 0
824706100 0 95
824877081 0 0
827730322 0 0
995867155 0 98
997933578 0 0
952080205 0 0
618745438 101 103
606327857 0 102
612536647 0 0
619333977 104 105
619039707 0 0
619426490 106 107
619380233 0 0
619473579 0 0
696674383 111 109
707341978 110 0
702008180 0 0
658097525 0 0
618745438
